date	Aggie V4	Aggie V4-AS	Barbee	Barbee-AS	Morrow	Holland	Aggie V1	Aggie V3	Aggie VE	Haley	Cooper	Pride	Aggie V6
01/19/2021	41514.55								2874.193333	9687.276667	1637.345		
01/21/2021	41741.175		381169.24		4577.865		76234.49667	214107.0667	219283.1367	1457564.737	430579.89	1517643.81	710602.9367
03/16/2021	726.1666667		50412.18333						880.965	26557.58333	4290.69	25092.65	6152.496667
03/23/2021	12820.30527		6164.380231		8135.051647		62010.56608	57030.29237	47830.01931	964597.5984	15829.16058	320693.9048	34362.53644
03/25/2021	302284.5		4134.8055		3255.563333		282622.9333	1249.98165	3016.477333	375070.6	148188.1333	198197.9667	37286.25333
03/30/2021	5796.9405		270709.45		12817.65887		2401.1892			71087.53067	131322.24	124283.8567	10982.78723
1/4/21	17625.73433		294453.7		61250.19					8889.5525			
6/4/21			3002.902828							218453.3346	11781.96305		
04/13/2021	80860.38		8090.6255		18381.25333		5097.422	2892.874333	23372.49	4796282.333	34913.63	2264721	656382.3667
04/15/2021	4376.130667		10637.59067		25818.77667		4322.72	2485.7435		6537960.333	3148.463	1441141.667	1416.81655
04/27/2021	3368.094		13387.60333		2692.885333				3870.408667	45124.13333	2110.290333	10834.96967	
04/29/2021	54476.51333		85359.56333		32022.71		161765.7333		13708.05	450998.1667	10316.68567	49944.99333	9374.688
4/5/21			65577.20867							47846.26	1773.11485	27315.14333	
6/5/21	14245.68333		13828.378		5544.726		3357.161		10103.12933	62722.54667	2180.780333	45760.01	2460.4965
11/5/21	2313.792		59477.375		19307.29667			6774.185		59309.79667		36183.15	26938.537
05/18/2021	30246.805		8892.9795		18203.61667		12877.62333	15007.96267			19476.53	17710.97	
05/25/2021			960.9859							16843.705			
3/6/21													
8/6/21													
06/15/2021			6637.925333										
06/29/2021			7683.491379										
6/7/21										61800.805			
07/13/2021							179350.5433	395425.1					
07/20/2021													
07/27/2021													
10/8/21			70733.33333	20550	28550								
08/17/2021			213039.2933	166862.8346			240068.594		1124445.261	5089542.429		6840836.774	
08/19/2021	4221474.025		8312166.582	901247.6987	1820602.425	384286.6743	199817.9042		1459658.846	20139779.65	5883652.662	1692878.507	
08/23/2021	7538781.613	7822458.797	9665000.283	6031629.697	2473184.903	126948630	145606.86	42699.4	497935.0733	857439.6733	1020130.07	161168810.3	6191913.267
08/25/2021	7809121.018	5081567.821	17905860.02	18089169.14	2859098.261	3090891.925		1047365.823	253709.4236	107030936.1	2643775.249	6004471.805	578770.3954
08/30/2021		549897.3527						161235246.2			44251518.37	5445295.994	
7/9/21	1148557.343	2893104.593	2868305.05	2868305.05	47810750.31	659587.3169	845504.1492	438652.9184		5238276.168	1327670.239	756011.4992	1462866.592
8/9/21	713466.2631	570268.0698	1746721.957	1841264.072					220251.584	6108343.516	4554162.885	624977.5585	873093.8769
09/13/2021	3031839.627	1206411.073	827742.0995	1560149.615	1578609.08					3307717.393		577053.232	2155987.002
09/15/2021			3665.790771	888.0404693			1928.608558			20426.75507		13015.23712	
09/20/2021	1632.589524	1710.30669	128.5455097		732.9698668				168.8542204	2463.927093		2108.879641	1177.75723
09/23/2021		130.8999946			148.653669					2031.990097		172.684856	
09/27/2021	1205.358172		664.1245847	870.051562	998.6315946					918.869466		1377.182939	416.6019716
09/29/2021		3090.15482	1127.759982		35636.02483	1291.935085	557.5925357	573.8056822		698893.9107		39567.84213	
5/10/21					121.1323121					433.6573164	641.3244966		291.056186
6/10/21					3648.72535					2758.809877			
11/10/21					178900.2868					91201.43957	19239.50282	95415.01233	
12/10/21	7067.428524	11023.64793	2221.746803		2410.001055					18175.36385		7413.53935	7670.782637
10/18/2021					466.056904		19014.59062			19771.51729	26483.82128	5529.785802	28256.11114
10/20/2021					12379.22583					7670.220534	805.8824941	1511.50416	410.6379474
10/25/2021							1628.098593			1392.00471			11551.15535
10/27/2021							249.7627693						
1/11/21					12860.05964		12756.07942	4.11183E+11	7314.975841	13249.89739	1885.994289	18758.4526	
3/11/21			18108.70669	23441.20649	17155.28119		3577.577309	2415.512011	192765.3753	64698.01642	139424.3129	67062.16901	
8/11/21	2730.96291	120617.7631	10203.46493	89960.23522	21519.81103		2239.099895	1166.158589		68629.0646	1248.976564	827016.9433	
10/11/21	1215.266289		2047.335491	27356.25688	15766.66034			630.7108505	761.4111679	13200.92849		24318.33802	910.4385962
11/15/2021	4656.359744	15560.05228	1023.648273	62548.99334	262.6772406			210.0857439		336736.7477		59908.1007	9391.188692
11/17/2021	48264.75119	11494.55439	17618.79962	347.5856027	1246.377867	297.475107		464.785474		7639.131562	7509.199625	6107.451715	73862.99524
11/22/2021	1684.108679		131992.7429	4545.548885	63125.36222		765.5226371	1613.330502	1142.745901	43878.71682		24637.93401	16449.14366
11/23/2021				13553.48223				4133.869581		6903.435908			
11/29/2021				1893.944852						948.3263483		905.2444465	
1/12/21			941.5089861	85.0484323	225.0882036		77.50591269			92.75064561		102.6547315	170.479527
6/1/22	202197.23	103843.829	172136.1932	574019.097	594347.581		1195427.41	1616869.03	4256238978	4905068.063	9039327391		631784.984
11/1/22	14265957.2	5073627.12	3390261.67	9451284.64	9227826.91	680194.707	1113569.16	1130876.51	173846527.7	249909.2527	79662924.1	8745092.15	
01/13/2022	50425583.64	268640247	8882615.203	8319054.73	32688535.8	7550617.91	32607645.4	148057313	190945437.7	78337091.97	154604365	16851426.6	180214571
01/25/2022		2584577.29	16476643.83	743150.793	27996.5536	608039.901	122920.615	112487.346	2638722.993	13447262	7973044.9	13121669.9	1730203.27
01/27/2022	14787641.87	17254594.3	190317.7636	218968.586	605276.902	451407.147	615145.336	8496380.17	1647483.95	2886502.687	1964398.43		55287754.6
1/2/22	1016615.705	515863.415			524400.943		5097596.91	931586.964	2928826.007	914532.9833	2297051.46	7466964.13	2296216.55
3/2/22	310345.3453	1704724.09	1005758.95	458269.455	598876.201	262806.41	26017809.6	18553266.4	1850620.429	2593993.573	37815191.7	306629.976	7.131E+16
10/2/22	2615566.898	24461510.6	431062.3175				425997.787		796639.678	205447.95			
02/17/2022	919738.5413	1078177.36	492618.6965	266784.676			947895616	137704.801			130293.362		403374.26
1/3/22		681.839711	214221.2279	46079.895	1173.19019		383.200991			1447.547324	970.667378	1957.51192	
3/3/22	8382.945561		9312.804645			8945.49548							
03/15/2022					6030896.97								
5/4/22	24621025.63	39606777.1	1709256.625	1484657.33	7762772.86		3325097.06	1131990.81	4757893.415	37112311.15	2751437.54	11806152.3	
7/4/22	2349435.153	2629452.15	208214969.3	30887882.3	7999963.48		44611259		5710369.767	22924258.47	10676464.1	40908843.3	
12/4/22	8704459.327	12096571.9	12048933.07	8114980.5	4611794.37	36343689.2	16515523	55431232	1080549.369	3199704515	19628539.3	350243274	
04/14/2022	47522778.57	79496335		2353609.16	66859975.8	1744159349	20339018	62696.6264	11410686	5273303.14	4407196.76		
04/19/2022	228974342.3	2430584584	5296745556	2527465728	166287276		661056303	1018023370	6786751938	12170500000	4794861762	1725100818	
04/20/2022	2452796992	1132379203	1951817406	1140394442	921603509	34188973.6	46932636.7	13436360.2	10358176529	4322680321	616893164	6355193834	
04/28/2022	581157.793	190032.445			502835.407		557513.551		438278.736	47290032.43	296914.589	7808487.5	
3/5/22	20384.9097	31449.4028	33089.03115	5831.111765	33990.61187	540674.9357		11470.28827	17458.72005	11531.1992	10534.73722	173929.547	
5/5/22										18478.77811		21320.8995	
10/5/22	33338.62885		10461.71706	4955442.135				68079.779				79448.7863	
12/5/22			531913.6524										
1/6/22	204410.0724		839043.454	697079.449	463930.4205			3880840.05				311974439	
6/6/22									281027.6434		1934663.535		
06/13/2022			10295301.6	8420716.143	26514806.3			2158286.17		191553408.7	3818143.42		
06/20/2022	10297881.08	14742286.85			1559369622			1830685441	30877222.45				
1/7/22		8371.708503	45265.5126	26135.8029	8043.979645							4824.67485	
5/7/22	2215378.963		5240056.075		3915980.367				1793445.14	2420643.96			
12/7/22			3039358.68	1866744.007	12063489		124660609	3847783007				3192224.02	
07/25/2022	18455.3189	7656548.377	2665522.447	841615.6937		1337659.977	177767.1413	120860.595	13456.25798		8454.809037	15032.099	
1/8/22	56465.35556				1961046.364	1007180.39	228761.379			25390.71795	94357.72324		
8/8/22	10916961.06		989970.8192	1469312.832	468960.5073	1178519.815	454752.2175	48185.60513	363932.3734	184066.4463	14933.7602	1984398.83	
08/16/2022	58808.69267		58808.69267		13392.58592	4624.994455	21322.8571	7241.16621	39517.2127	555735.96	10242.34738	13335183.6	
08/17/2022	1706580.673		37364574.43		92605766.27	2578071.983		3402.62229	94026.1751	32951424.5	25986.8509		
08/22/2022	8910080	13753340.4	13723718.87	7304213.25	37782186.67	55213788.27	22572694.57	2138881.973	4599287.58	36297926.8	8116745.723	17633499.5	
08/24/2022	414794795.7	1049967106	28276673.71	31996325.89	12601941.41	60919762.66	32983047.87	37888236.7	14343153.21	3026856696	7377687.057	1281159559	
08/29/2022	8891878.707	304984970	3486299.3	6684359.09	21435247.6		47519923.4	27217116.93	2994577.41	23446087.3	69585491.27	3410550.19	
08/31/2022			7142738.677	6898266.037	2705565.74	2587023.137	1016334767	4161590.737		2091055.069	2047189.447	2048540.01	
7/9/22		3396861.523				144060430.3				5174642.58			
8/9/22	6347829.14	2393676.245			2568188.207	3930993.42	707860.836	1098615.226		2767521.945	1293893.182	800237.281	
12/9/22	2759839.203	6385504.287	2695578.923	4707609.5	8209660.66	4487283.39	1446258.103	2424818.227		2930168.927	3542827.527	2247555.5	
09/14/2022	2489003.42	1749626.94	6354770.023	1774221.043	3553736.69	7191634.69	15499962.33	16296487.13	5610377.27	2879580.037	6959717.133	7369891.47	
3/10/22			26111668.9	6832606.358	6600689.925	46514616.2	5286000.707				38089431.22	274266359	
5/10/22	48027413.5	71297369.03	740468166.7	29684502.7	58704635.23	357330075	148902808.2	69526129.6	136373182.3	444942819.3	166283222	32483944.7	
12/10/22	65632559.7	93576828.9	53056234.4	27394955.2	55917996.95	55960126.33		103609881.4	48826904.53	24584424.5	27526174.45	27933273.3	
10/13/2022	29112657.63	127510765.3			271925560.3		160156212.3			90699660.2	61431620.33	101934683	
10/17/2022							682125.693	729608.5425	171157.3237	776401.2489	12562321.44		
10/19/2022		175298.4825	2313750.93	7501538.627	752182.99							297919.385	
10/24/2022				1893889.372	2543224.31	33163427.8	3009812.565		429068645.3	25797271.03	8909718.277		
10/26/2022			6943179.725	3682917.625	654626.996		3947242.74	1705202.592	112818270.7	5177910.257	7070812	2091333.95	
10/31/2022			1399911412	5423950.617	876238.757	114189.4636					284935.2853		
1/11/22				217093.194	417667.7883		446085.333			259564.853	512891.351	289726.246	
8/11/22			1907986.003	915701.9403	1663802.824								
10/11/22	192627.4565	386138.228	408895.3647	382976.3755	526479.467	1730298.305	232954.932				694339.252		
11/14/2022	946997.8657	327640.007	5171748.583	1342054.362	5332778.477								
11/16/2022	2250298.627	3158190.283	7408003	769865.517	1704426.517	2887215.633	568662.7225	2054384.928	489602.5917		706475.8373		
11/28/2022	93732.08638	50846.16422	35621109.23	20953499.8	8045720.753	58819.49567		572344.0634	1288920.948	28511551.5	6294682814	20876088.6	
11/30/2022				8174.52039									
5/12/22	38191.67515	435341.4437	177989.2797		809551.462	354138.767	2108770.79	312456.9192			769771.665	249208.089	
7/12/22	3929594.95	1354026.988	65768.48683		114756.5922	126608.9197					552754.9267		
01/05/2023	3.27287E+18	1.17481E+22	3.90737E+23	1.04831E+22		9.61347E+22	1.06562E+23			3.79771E+21	3.34693E+22	6.13872E+23	
01/06/2023	1.66187E+21	7.96714E+20			6.13583E+22			1.3341E+24			1.33912E+23		
01/10/2023	5015617.175	11770391.33		4560365.443	19344631.3				12811864.8	18301468.95	51099517.23	16804354.87	
01/12/2023					9723481.27		12008712.28		4355663.71	16487519.77	3426956.47	28178401.93	
01/17/23	19039.8178	3067.092	32132.98603	6583.932427		916.438806	51174.95207		1222.476345	249.780489	12390.80136		
01/19/23		4612.51826	63590.52687	49818.05057	3137.550343	689.979667	507.804072		402.179922	40581.4695	44348.0481	125816.0107	
01/24/23	8011.488747	38724.04863	5028.99584	1095.814413		95923528.23	2555.880572		2588698.09	138438149.3	9062.970265	1246887.82	
01/31/23	73203.45783	602793.0637	1610805167	31491921.63	6645020.633	375874.216	1133981.928	1479627.693	82135.8513	72650.1917	1255117.767	1848718.775	
02/03/23	10875930.21	7169301.023	5046849.217		6699152.617	346973.637	27482791.77	5984070.047	764893.1107	68714156.27	12065316.86	86062984.01	
02/06/23			28584.40346			3160.720487	13969.22607	996.4556395	17809.60333	112426.5606		149749.2227	
02/07/23	2764.72189	22134.2769	1773.856333		87850.80853	83979.82852			13614.36761	14727.25663	37257.30277	4099.9203	
02/13/23		566.631964	1199.294595	645.0457893	449.1012803		1281.419225	228597.1316	8144.689923		3100.65174	27902.55985	
02/15/23	23150.88283	2893.62727	263.6750213	470.47419			18586.51091	39370.09123		6833.86891	11135.67753	557.57328	
02/21/23	366983.8945	661520.0673	1446954.507	604713.8617	902665.0845	132165.4842		2962291.3	7587436.897	202043.7445	472698.5367	485966.369	
02/28/23	17224014.9	4614545.841	10390828.94	5631328.085		13437857.9	1699702.68	3957329.23	1331395.948	11300754.99	7042457.587	12508365.2	
03/02/23	5370223.377		2178461.41	1642884.174	1760476.103	1890508.812	1066210.538			25623299.67		1378696886	
03/14/23	224904.0727	860651.3397	1679392.862	679939.6343	2384433.167	28007780.83	3606838.603	3902537.821	11650714.27	3293948.4	3315120.703	8598792.983	
03/15/23	128817.393	669469.2447	1058425.282	521173.618	682038.5043	576728.4163		181663.985	4554104.227	2217623.747	13151482.85	852175.7247	
03/20/23	44219388.47	158303968.7	1684879.895	2421803.475	646486.628		1392495.487	346412.665	1703619.832		2175497.58	1345838.341	
03/22/23	3226403.843	2004865.927	1004134.56	2541680.067	892985.336					579959.7855	6733181.867		
03/27/23			112875.4849	36606.8716	43819.2353		1357259.562	28004.6879		453545.0393	56703.5077		
03/29/23	56014.8739						86856.56663	64183.8258		38056.7212	57278.66275		
04/03/2023	95578.2494	297212.7947	168844.4815	42127.5952	212198.7183	2078753.83	146625.0497	162483.916	123651.7304	58171.96853	2719062.973	628825.1947	
04/05/2023	19512.93965	33289.56015	1038351.577	81238.74717	382406.435					25901.03265		49313.04935	
04/10/2023			1036133.933	1331620.023							243821.7817		
04/12/2023	81669.08737	329976.7127	770651.2057	1931696.233	291845.578			1088991.054	4634286.937	158762.796	92913.90315	919192.8297	
04/17/2023	82579726389	44873064692	17507598364	7417606593	22357693839	3.74908E+11	69733294198	16250616218	5130791339	3149234943	9.73379E+11	62356638355	
04/19/2023	48021.4406	284734.371	318741.7677	154625.2697	74220.33925		4403848.427		132286.8113	39242.46425			
04/24/2023	658454.192	873158.907	2804247				13099.89684	2690295.236	108156.1524		42673.6385		
04/26/2023								340747.824		334681.4347		123138.8369	