date	Aggie.V4.rep1	Aggie.V4.rep2	Aggie.V4.rep3	Aggie.V4.AS.rep1	Aggie.V4.AS.rep2	Aggie.V4.AS.rep3	Barbee.rep1	Barbee.rep2	Barbee.rep3	Barbee.AS.rep1	Barbee.AS.rep2	Barbee.AS.rep3	Morrow.rep1	Morrow.rep2	Morrow.rep3	Holland.rep1	Holland.rep2	Holland.rep3	Aggie.V1.rep1	Aggie.V1.rep2	Aggie.V1.rep3	Aggie.V3.rep1	Aggie.V3.rep2	Aggie.V3.rep3	Aggie.VE.rep1	Aggie.VE.rep2	Aggie.VE.rep3	Haley.rep1	Haley.rep2	Haley.rep3	Cooper.rep1	Cooper.rep2	Cooper.rep3	Pride.rep1	Pride.rep2	Pride.rep3
1/5/23	4310581309	5209262579	4613824833	4689755542	6949992330	4785513449	71507000000	49989000000	13761000000	24353000000	9210343155	7602993912	9734690673	7227858913	8032073967	9217029599		7422160869	2661786601	4550253497	4667360718	1590262123	4399778097	4582937420	470762466	365443749	488817001	417472681	1640857339	1513119028	24402000000	22798000000	24587000000		616638140	1855163910
1/6/23	18508000000		27836000000		16341000000	15388000000	4194212097	23665000000	23258000000		11394000000	9191863188	6164855315	7066983063	7567602899		8306225594	9447902242		12190000000		3176601042	3441097122	1883195572	10422000000	11809000000	8244831933	2297576471		2199727519	9727916404	8512062683	8169614991	1028417679	1988349958	1801826132
1/10/23	1.00443E+11	1.35472E+11	1.54419E+11	1.90201E+11	1.73666E+11	1.85498E+11	5.42038E+11	7.90506E+11	7.71675E+11	5.34386E+11	4.1545E+11	4.20656E+11	3.62808E+11	4.03109E+11	3.89026E+11	1.11179E+11	5506613015	1.04158E+11	60737591290	38485208886	60388877819	14883055303	11230896589	12494362435	4019440282	4822304786	3833656331	72600112571	8096994486	1.02425E+11	54939417215	40457018961	35926711826	2.97267E+11	3.21348E+11	1.18885E+11
1/12/23	34022000000	37517000000	47776000000	26274000000	2836943120	25953000000	72745000000	62391000000	48928000000	39174000000	43988000000	6101751698	39773000000	57981000000	54904000000		715425308	3901473033	29882000000	36848000000	22026000000	39808000000	41452000000	11361000000	92006000000	1.2211E+11	1.4353E+11	1.1616E+11	57020000000	1.088E+11	4.696E+11	5.4319E+11	4.3735E+11	84085000000	96732000000	25374000000
1/17/23	9489095598	22952453266	15786215888	15489783911	19716400935	11245668246	20616035444	15491745719	18782326436	11946334079	5580619429	6619464982	2184329171	3166938486	5084405038	2055249	834561	3613206	686507432	756573671	1290895773	3075653997	3709098898	2400080192	5308713123	6805020384	8800098425	347338540	193604702	270577201	7951273946	13727329774	9106439230	8229572940	6562287934	6011020564
1/19/23	7894151	4502136	5926034	14599000000	15834000000	12123000000	9321328199	11803000000	12852000000	15982000000	20776000000	15361000000	12224000000	16014000000	23200000000	14085526	9588927	8969004	1.9406E+11	1.7567E+11	1.8816E+11	18665000000	22638000000	10696000000	1479888504	1961563908	1988200822	2867041307	2611622792	1302356381	37393000000	26716000000	26748000000	1785294348	1607136733	867880776
1/24/23	21941820044	1.49379E+11	13654064366	6.90571E+11	7.20225E+11	5.96224E+11	1.09502E+11	1.1499E+11	1.22761E+11	21342545677	31968477037	95032370620	2770583	0	114453	4.41994E+11	6.78258E+11	4.05465E+11	96025525115	77184910181	2.40314E+11	4.29557E+11	1.26887E+12	7.45459E+11	5.32141E+11	4.04507E+11	7.73868E+11	1.76453E+11	1.76284E+11	1.28677E+11	4.91899E+11	17392196	4.30721E+11	1.20719E+11	1.66332E+11	46048312101
1/31/23	9.8626E+11	2.2325E+11	5.7606E+11	3.3268E+11	5.6682E+11	6.7795E+11	1.3651E+13	1.547E+13	1.6971E+13	1.44E+12	1.039E+12	8.6397E+11	2.7067E+12	2.4538E+12	3.0084E+12	10057000000	8972298260	10131000000	2.213E+13	2.3595E+13	6.6955E+12	8406573956	13932000000	5915388464	519507767	83812137	54515164	6072142995	12553000000	8910221554	2.7618E+11	3.4669E+11	2.9088E+11	5507477417	4375575486	
2/3/23	1694225084	1523196739	1788489445	1070825422	1481598454	349401471	974082934	2016868970	3078428642	9958551	14084270	8917459	3234675145	4295382886	4464717294	1129311471	1148806758	1270436977	240577336	71165280	252946351	1127902123	2475189653	652823364	241719	272657	28882	10736717577	13099991301	12922755245	18225795477	18182459942	30646485980	3294349637	2508554454	1029603064
2/6/23						1.41307E+14	564296568	605177609	394358039							7550666943	8574092283	15990956152	1523907059	3410763919	3035526216	3307373863	4290426692	1628960566	6607591868	4085734535	12943186723	26863306685	17016611774	33639046432		23452		4234110289	6616898542	2393304596
2/7/23	1795021234	1175301017		4751903463	9030970873	9414721803	56995000000	30063000000	55410000000	3425450	12565572	3639975	77943000000	59519000000	51453000000	2929043124	357096330	2730665904							8833552885	6212512328	7894006774	1124157240	1241046758	4087940776	5199331945	4845214612	4163468579	2891214474	11725000000	1390288860
2/13/23	42121346938	74099688093	53683203120	80105094190	3693511239	32842763249	1.28817E+11	1.01773E+11	1.65928E+11	1.25379E+11	50943689117	1.89989E+11	31138733573	25172355880	21925891482	11380957932	4655134403	6642294060	17811822495	8974192432	12885395622	2.07566E+11	4468815028	1.23367E+11	1.81E+11	72701192962	81768973932	4.36657E+11	4.95329E+11	96893167262	2.09475E+12	9.53859E+11	1.25282E+12	1.29262E+12	1.28548E+12	1.49557E+11
2/15/23	4.318E+11	7751918377	1.8044E+11	1.0063E+11	1.0567E+11	1.2253E+11	6.2089E+11	4.6579E+11	3.1716E+11	5.272E+11	7.8692E+11	3.2027E+11	1.67E+11	1.1978E+11	1.2115E+11	2.1778E+11	2.1429E+11	1.9628E+11	1.4211E+11	94853000000	80141000000	41819000000	30375000000	24702000000	31683000000	20320000000	10272000000	67677000000	31457000000	48015000000	3.8486E+11	4.3667E+11	1.5312E+11	4.3033E+11	2.8114E+11	4.2732E+11
2/21/23	17690000000	20504000000	17226000000	71185175	32724089	30528459	1419404894	2091960870	1648498506	137075349	20037606	87175879	104956742	224414849	257733189	825998817	189408972	937055929	83435127	107634604	86988678	732676244	828731141	623733529	7089947089	7244022134	1022159342	2643557899	1604064284	4675025724	2441236364	1588103946	1252246552	550265545	1050675358	365352946
2/28/23	18728142111	24120233976	20813267993	9875897860	10635890162	25405882569	1.23557E+11	41940107190	2.14424E+11	1.03468E+11	1.40058E+11	24316949079	24979235	21144559	25424124	2411644355	2104547481	8153158414	21441777477	19317208933	24164154867	31509616358	1.13622E+11	22300739775	8989057788	9375156731	7405077454	2505962254	2218279798	2836846167	2575280829	2951833019	3856253418	1.05465E+11	89439277688	2.62608E+11
3/2/23	26458000000	21988000000	18728000000	5904540092	9646678645	8038131786	61801000000	47496000000	60654000000	23417000000	76285000000	6521594485	20772000000	18940000000	14690000000	12698000000	12774000000	14362000000	359359964	363538120	284751450	443528533	998835108	198951644	290268023	469252433	816412966	16619000000	8009829270	25755000000				858661319	9998278644	1349147544
3/14/23	62177059055	93286325411	1.38092E+11	20578439377	31927906654	13481863679	19092206756	12127436346	6104517627	2.26475E+11	1.0357E+11	1.52178E+11	29972030929	24776761053	22930188879	24865361154	34702495051	27183890140	17000175429	8198797981	5885025078	10845382078	9881799379	120268471	2579239150	1335174206	3607874825	29164806203	19464963570	23557603100	51174358933	42433080016	42681048865	1343275501	5738213345	5130055593
3/15/23	1390076782	1239914292	1634359932	3940866579	4788435195	4899027076	2376456110	3864702372	3837757582	1210569533	981188501	1240813400	137958476	208212788	180811581	50788865	169339850	209735828		7726906826	6269036096	1707096923	1743360317	1233680841	7918784069	7811337913	12962000000	5514517589	3760844861	5866181567	2674154203	3237884613	6899387097	11762000000	13000000000	13701000000
3/20/23	99576175539	88349803750	24486576469	53452874329	70313303968	60821104013	32369448394	5338587095	6863066469	1532001378	24870022288	9120820133	13955582935	21103657351	29721221686	5104109329	5777372357	12151083830	9.80692E+11	7.60497E+11	9.18814E+11	2514538007	2275939584	632961952	19252633007	15502650110	18854381927	66072668693	84188177751	95053840966	1.16414E+11	1.54807E+11	1.85601E+11	19886229533	46970484850	19271292271
3/22/23	3.1776E+11	2.936E+11	5.8917E+11	1.5989E+11	1.3402E+11	1.1475E+11	4.0594E+11	10233000000	2.6566E+11	1.0234E+12	1.6203E+12	3.0232E+11	27745000000	43048000000	36961000000	1931773539	2515725733	2952232750	4.6232E+11	5.7746E+11	4.3886E+11	3757276879	6008639724	2180423122	37776000000	54806000000	42840000000	1.1693E+11	1.3251E+11	1.8704E+11	13273000000	14248000000	13915000000	15707000000	23908000000	7797462678
3/27/23	712837119	592823223	712519660	5762210893	5068505972	5323742322	9.1421E+11	6.8064E+11	9.4306E+11	1.1174E+11	62827000000	46718000000	22492000000	28208000000	15987000000	72579000000	1.287E+11	1.1517E+11	20273000000	15212000000	22999000000	21630000000	20835000000	5558846327	40144000000	60183000000	24154000000	2.4697E+12	1.4394E+12	2.711E+12	13222000000	15452000000	13205000000	30364000000	14908000000	8568919674
3/29/23	81823000000	54012000000	32680000000	26248000000	36048000000	27281000000							3153720351	4298862592	4878339458	6436817595	7541688307	8856566785	3.9766E+11	2.7848E+11	3.7852E+11	81049000000	1.3408E+11	52058000000	21395000000	26246000000	23651000000	11776000000	14075000000	7151060233	15451000000	13238000000	9253275191	14169000000	13062000000	4545670508
4/3/23	3.3311E+11	4.1916E+11	4.9566E+11		2.0443E+11	2.0414E+11	2.5526E+11	7.5912E+11	8.9678E+11	97985000000	63934000000	57851000000	1.5902E+12	1.1782E+12	1.6892E+12	9079348291	8718962878	15324000000	3440280973	6371323039	4186078488	11377000000	17434000000	10210000000	539800493	504264610	813744634	12759000000	10344000000	14801000000	16245000000	17702000000	20844000000	96477000000	71914000000	50188000000
4/5/23	3.6852E+11	3.2127E+11	3.2856E+11	91618000000	93254000000	1.2389E+11	6570261409	4103955605	3658088299	222692323	161411598	107858192	83214000000	89026000000	93705000000	999397044	744517495	1050757184	49764000000	45024000000	37561000000	1625386403	2226145055	1001205730					673431314	3130749876	436233672	645247489	577191754	5481737712	7564211889	6087706454
4/10/23							31161646820	20235813682	23858478452	7797770923	6278288163	5431621382	596480	36966	18031	14859390637	20191939936	29115555225							206849112	294174575	30828294	3150115021	2642806388	2323322287	1051009930	1468644022	1476641379	3053732508	2212946613	3506574424
4/12/23	3272752442	2816378660	3439702036	5185259738	5354412486	7643140081	14091000000	16630000000	13845000000	10063000000	4571959004	10020000000	6452842569	4930049631	7713972888	9924823251	8743379222	8619340811	4106858917	4497412470	3988267551	17805000000	18481000000	14798000000	14751000000	14185000000	6785884735	2.7253E+11	72115000000	2.6884E+11	2102768248	4082468130	3325626649	25763000000	72371000000	37402000000
4/17/23	37514661113	47908876838	58430563954	23545142598	35327865324	22757895987	7616992614	16238444571	10144600050	6761482286	4398384165	4190036021	8742157503	20579560558	13312907186	1.91034E+11	1.94173E+11	2.01413E+11	41907445673	38473801131	42719065380	5131999217	20969005038	5176356396	3135575944	3316364708	4460585453	3246805958	3327305900	225857023	4.92448E+11	4.63902E+11	4.65909E+11	39170095565	45865007525	25709128824
4/19/23	17136000000	64646000000	9569452892	23536000000	26912000000	33607000000	9185891095	8295488684	7915870235	9555338284	8210614582	6829868529	6348904528	7824593790	7202245504	3277745207	2965918339	5120713987	19811000000	38010000000	34125000000	33590000000	42383000000	22941000000	10073000000	11767000000	9780543321	36573000000	37958000000	31330000000	389540392	3300046900	3969964256	2355499176	6572163719	1495014779
4/24/23	51071498044	868430280	1.01417E+11	1.54057E+11	1.89552E+11	98847623006	1.64526E+11	1.13347E+11	66363339170	2.84208E+11	73413199879	2.79386E+11	1727071999	3213279737	2381788519	75326072299	73346336622	58611739448	3.62506E+11	4.39603E+11	4.63258E+11	2.67778E+12	3.12213E+12	9.58553E+11	10474624140	10762537238	17660325158	23207334806	20039538702	27784223165	2.96966E+12	2.73563E+12	2.78007E+12	5.73374E+11	5.64309E+11	1.2723E+12
4/26/23	25671000000	58883000000	54855000000	39609000000	37976000000	48866000000	72862000000	96953000000	1.0308E+11	1.2727E+11	77706000000	43740000000	57541000000	57936000000	46499000000	1.1277E+11	1.7578E+11	2.207E+11	9.1212E+15			27542000000	25644000000	9098879376	2.0399E+11	1.507E+11	1.5821E+11	24848000000	29717000000	34569000000	432540569	24746000000	19185000000	2.3316E+11	2.4966E+11	83040000000