date	Aggie.V4.rep1	Aggie.V4.rep2	Aggie.V4.rep3	Aggie.V4-AS.rep1	Aggie.V4-AS.rep2	Aggie.V4-AS.rep3	Barbee.rep1	Barbee.rep2	Barbee.rep3	Barbee-AS.rep1	Barbee-AS.rep2	Barbee-AS.rep3	Morrow.rep1	Morrow.rep2	Morrow.rep3	Holland.rep1	Holland.rep2	Holland.rep3	Aggie.V1.rep1	Aggie.V1.rep2	Aggie.V1.rep3	Aggie.V3.rep1	Aggie.V3.rep2	Aggie.V3.rep3	Aggie.VE.rep1	Aggie.VE.rep2	Aggie.VE.rep3	Haley.rep1	Haley.rep2	Haley.rep3	Cooper.rep1	Cooper.rep2	Cooper.rep3	Pride.rep1	Pride.rep2	Pride.rep3	Aggie.V6.rep1	Aggie.V6.rep2	Aggie.V6.rep3
1/6/22	1857465264	1128873891	2073822739	2570521344	2476673884	1809836117	65831000000	61050000000	58607000000	142330000000	112630000000	10912000000	6049710275	6843549480	7759304710	98562981	109885610	124910117	15736000000	13355000000	16510000000	12243000000	8578473589	226759970	2097526367	1813419068	3021609761	65266000000	68885000000	80074000000	6253027347	52563000000	52827000000	94820000000	155280000000	17387000000	8127104103	6777027272	9794684044
1/11/22	49479000000	29027000000	52110000000	9149858315	16180000000	26084000000	61143000000	74478000000	73763000000	125230000000	69236000000	46063000000	8833684581	13269000000	33409000000	148580000000	156230000000	130570000000	911834033	7593381469	10359000000	83328564	13459000000	7200834361	10583000000	7681281727	15441000000	60982000000	66119000000	33987000000	38603000000	17634000000	34133000000	16683000000	19240000000	12854000000			
1/13/22	7028595877	1399100000000	1381900000000	750390000000	720650000000	734790000000	217380000000	291500000000	225990000000	162760000000	170700000000	85382000000	8847300000000	13008000000	1040683719	126990000000	117700000000	132020000000	363690000000	432560000000	324000000000	334790000000	844200000000	317510000000	220910000000	188610000000	279580000000	12578000000000	14046000000000	14452000000000	748030000000	611280000000	371320000000	384230000000	354090000000	268990000000	2.37E+12	2.35E+12	7.88E+11
1/25/22				524299108	1445014114	1853404793	10197000000	10964000000	13576000000	22961000000	2358545436	3112212589	1069140586	1508106201	852929058	197590000000	245540000000	208790000000	5126453993	4095943691	5884524998	61298000000	12109000000	57546000000	27640000000	44178000000	58647000000	14382000000	57955000000	49263000000	37330000000	31090000000	36316000000	68040000000	48958000000	10428000000		28723000000	20335000000
1/27/22	2310806427	2569015747	5585592955	6928016124	12431000000	2872051646	3678799299	17461000000	15796000000	17759000000	11828000000	3942720128	12879000000	1605700000000	1493400000000	20083000000	26711000000	35657000000	195308808	1272789993	2272714019	13988000000	23223000000	3561785596	4693529330	980048739	14411000000	10214000000	8109796532	5195054609	41789000000	47132000000	53822000000	278360000000	129170000000	158850000000	4899583272	4672216061	1964042304
2/1/22	45239897989	487655618	53953972308	105364000000	234639000000	359805000000	58625966	7241388232	10996040247	4478049845	5350850607	413544334	3739778620	5333039625	8390969986	129609482	128815057	308545629	42380878213	52309650035	25204868276	12587687877	9187760120	4251940113	2091271945	2431254809	1580971964	33208871357	71778645098	97904352998	78997019437	82073237440	68269411367	52070621913	60438040004	3881732932	47981465521	50354497914	49950157562
2/3/22	1749319319	11849000000	16186000000	23567000000	21692000000	16547000000	11074000000	7262350810	11726000000		4178187844	1002581558	3963838308	8160732511	7290131346	281730049	774332122	1133396261	20506000000	41708000000	45612000000	6249701567	4101311265	2758730887	1653895696	2549869134	2355969743	4542033979	16044000000	6110193395	29049000000	28247000000	29461000000	102380000000	99092000000	88319000000		21685000000	20217000000
2/10/22	35472118078	43856479033	48543792605	25593366484	22109701056	26612810272	40235085049	40655866022	5767018	48623355616	106798000000	50694619585	78018131902	75761946932	76456308359	5693405841	3199408222	7984198711	21288033373	36166522612	38194451500	2843703254	11206866131	1749554114	892961983	1219304842	319906690	64656777559	63842570431	4134505491	120947000000	114742000000	133735000000	4043000947	57661481948	65965253134	33782427567	31296707493	26725298154
2/17/22	7949772909	3134362657	2123701857	774664488	17748000000	1145475846	686026330	2218822110	1022559227	377576408	237183434	3772099	3139490	3052137	112523519	495967196	11585312	17606367	80631784	2095927417	173237433	126352350	218130873	35270527	19182000000	62748000000	208540000000000000	53402452	856332746	7348991	208540000000000000	327762495	368276152	566017483	1015054192	594430499	16842116.8	614371369	3405182254
3/1/22	11421000000	21730000000	24963000000	1035500000000	1459400000000	706180000000	14252000000	18665000000	24108000000	1064300000000	542150000000	487520000000	175030000000	122380000000	168950000000	23683000000	21177000000	22738000000	83938000000	3692661	108460000000	1043658443	1046624327	616145878	358880000000	454970000000	609810000000	4589247659	4108321166	5722742844	77938000000	71881000000	50159000000	11499000000000	8163800000000	5846900000000	30791000000	27089000000	21854000000
3/3/22	38651000000	18614000000	17064000000	190980000000	169580000000	148600000000	23840000000	22428000000	14716000000	22766000000	15820000000	13026000000	51508000000	42633000000	46640000000	16590000000000	23029000000000	18782000000000	18999000000	27125000000	23121000000	9461572538	8816010202	2497627574	8571248751	8894611766	10043000000	7061932578	8360756126	11551000000	7161907286	6383403148	4791390268	168050000000	132960000000	51843000000			
3/15/22	616512976	1069372938	926811795	656795109	484213271	151043534	1356790951	2722363682	2465073868	36359000000	22800000000	25336000000	19580000000	30203000000	31631000000	196699996	183747162	97241265	1622719145	1216484023	1890878724	4740337580	2504908145	788570420	1083400000000	872250000000	1653100000000	273270000000	153460000000	115830000000	92940000000	40053000000	21357000000	6534252077	7020983372	6015160401			
4/5/22	126686000000	326445000000	287110000000	139902381	157962000000	190096000000	127807000000	164355000000	135139000000	70332357	201157000000	41907708595	1660056640	14363724399	17968577755	161315000000	125573000000	158545000000	254310000000	241405000000	143920000000	102194000000	120916000000		93561658	17017264756	15197404769	670656000000		525551000000	1618299265	549760000000	234797000000	42928000357	17300423500	12677980266			
4/7/22	34399041744	58762102866	29366157511	115129000000	82719029734	173573000000	1140160000000	948354000000	349634000000	256753000000	492685000000	70845057787	102982000000	280821000000	161234000000	1441880000000	1311200000000	1048380000000	376663000000	782900000000	578222000000	47705933371	52958921216	36789626925	244902000000	448987000000	355466000000	178590000000	173002000000	132373000000	13306900000000	12225000000000	8977410000000						
4/12/22	198825000000	206489000000	284280000000	178480000000	201232000000	185029000000	14872098949	12474874412	8535256044	21058995478	28086261082	7792818339	44059266831	41431647327	70243507746	8739344070	11079311146	17670424773	21350346773	29990580153	14911399019	3041760097	5511981182	2319645068	3774540008	5031776371	6342738740	71962587459	79066182416		39239717505	26756217891	43180336652	104058000000	43199681620	35073644705			
4/14/22	123798000000	134711000000	150173000000	10734802611	46597259418	1725600967				253204138	152378206	56714485	2923006526	6322646689	6811242103	825193525	11976830635	1800016684	577909701	128023867	162220645		32231		1872862	12154679	1072832	2013289		213932	45576035	128501366	27773574						
4/19/22	39115263067	57614328691	39135922626	100372000000	67899383117	100461000000	34154031032	19375936783	13729086015	45194855386	38311429723	1499970471	4751882728	8805558774	7009286773	672733161	467010849	862209671	303433000000	300376000000	306574000000	74711800319	101099000000	15068183126	49789461038	53131491343	46125663226	183953000000	913560	62307006441	77573162122	70029089210	39131999734	146206000000	143762000000	37422530331			
4/20/22	561034000000	979974000000	22009794581	252496000000	49453009676	81257085214	593750000000	795759000000	831205000000	3755850000000	3933000000000	2563540000000	354664000000	795899000000	93517623390	377839000000	227107000000	165712000000	3846553338	2412518482	3141714309	1502429254	840497551	553439367	1590120000000	2095040000000	194270000000	795595000000		296875000000	210853000000	283821000000	239060000000	225483000000	36200188015	93399492149			
4/28/22	98048201815	106678000000	106499000000	38542258691	38929577463	40305436441	13867476194	2278430000000	2330910000000	3954510000000	2971140000000	3242990000000	4621790000000	6179810000000	4779230000000	4616070000000	4505230000000	4905420000000	752331000000	1551980000000	1126750000000	99695599515	92924362490	60199482235	543965000000	529813000000	697548000000	326519000000	380548000000	294450000000	63313637279	42829578218	56768452694	201301000000	99374809227	94036693641			
5/3/22	298059000000	316512000000	55555855127	134697000000	8345116314	3929596682	6007667109	161324215	39078178	2758536448	2578630396	40940488	53715128779	53702608293	34095560996	1100055376	1552921470		98286482335	94207262924	17708163849	21939991508	20509320507	3793284851	56692673089	45513621709	68970980550	601571000000	751642000000	107078000000	134887000000	138473000000	26213595451	1225410000000	887606000000	7231403130			
5/5/22	15242000000	535755503		15781000000	10840000000	1077441434	9998572600	33039000000	16876000000	8614336779	1578560640	472281181	57758000000	16852000000	23370000000	21616000000	23095000000	24927000000	69601000000	93394000000	91382000000	275447	103109	135558	1620617982	1384866016	1403983472	23926000000	59459000000	18279000000	51040000000	18284000000	20218000000	109390000000	71346000000	3571774571			
5/10/22	30910366782	43471475346	46625249197				14544986	996530	7277529	117545026	143709874	181874651	107277000000	15982472710	58622222382			411228	198300000000	57947209031	195803000000	8438470	13350683	7274320	5501691416	9585442695	7824217456	85822971532	83996179452	87095659266				64282517604	96447704759	75353789526			
5/12/22									7573543	3327384983	2305143428	2319964501																											
6/1/22	58405456940	34786223309	48744722855	61642700000000		855555141	17526950522	10586273328	16291868547	20300620365	2799487888	1786640000000	1522422012	1209271839	414451515	165446800	56064436		307448844	235182024	249355860	324137000000	305954000000	30380012484	16907057	259006040	44703980	5118112837	1274470747	4130769368	35567778136	22358118357	1752926379	37320069779	30189189521	6892946586			
6/6/22	4094084445	11319000000		9067934201	3758875269	1139810208	335040000000	252850000000		139230000000	221100000000	185910000000	31861000000	36799000000	32024000000	11963000000	6187766015	10040000000	26087000000	38603000000	21935000000	37210000000	39869000000	17761000000	7621723127	4776528054	2121111771	10239000000	7587354562	7916812764	103760000000	666552584	11380000000	128840456					
6/13/22							122855000000	114495000000	120129000000	105367000000	80280963814	97294393435	197988000000	62281800326	270688000000	1396285734	408127887	1807246389	555906000000	604718000000	422697000000	219761000000	222896001	152046000000	558401000000	408580000000	294067000000	22861229122	83362976857	29611341040	227086000000	188009000000	116985000000	60411843276	37560119206	74891420375			
6/20/22	71207000000	41582000000	1786090170	93488000000	80975000000	90006000000	150420000000	3892878	38476000000	220100000000	117720000000			17488000000		25857790	365575074	654987954	194850000000			97046000000	123330000000	60081000000	11932000000	11629000000				558405100	35293000000	3496353156	24554000000	238242445	828779336	283342765			
7/1/22	5590971499	11526000000	140761721	35583000000	5692159852	15147000000	21457616	19542000000	18033000000	15085000000	30901000000	25332000000	17869000000	7638507040	10572000000	6433969965	3836002210	512105331	44890000000	50419000000	79233	85023000000	96316000000	13608000000	5616442	9300731	13549369	800859249			195830000000	162610000000	62315000000	63171000000	67758000000	32357000000			
7/5/22	30027930975	88314693965	124488000000				4051664232	580593756	215296296	17256993792	13971302886	4719793985	1033403430	1059254127	1714615125		218011577	335164693	52585605969	19486330909	25389112816				13409582	48227145	78350733	1741035117	1219602584	3256983532	106796000000	72803491151	16857551990	7781942572	7460021059	83020514			
7/12/22	76157000000	25263000000	39424000000				104630000000	97186000000	79504000000	63449000000	70766000000	46824000000	151600000000	140160000000	83824000000	15216000000	205213173	220057513	5923602388	4994978709	4526573650	168210000000	205650000000	66346000000	4452385712	6097158878	5350338432				207990000000	186190000000	167920000000	13789000000	44746000000	31537000000			
7/25/22	8942110745	7660971862	5006005720	1516200000000	1374700000000	1831600000000	32766000000	36485000000	44258000000	2636332203	3307490449	2182906483	23975000000	23284000000	22827000000	630112353	570981184	618703146	3625298257	4077864969	6004948742	47073000000	69128000000	49325000000	219779694	297338721	223790296	11405000000	11423000000	5461370694	181820000000	196060000000	234690000000	19303000000	24273000000	21815000000			
8/1/22	2350000000	1740000000	4040000000										10400000000	8880000000	9810000000	103000000000	105000000000	92000000000	53000000000	27500000000	21400000000				15700000000	25000000000	26200000000	22800000000	15300000000	17500000000									
8/8/22	6329362403	5908719632	6220118993	31178000000	25570000000	33223000000	4551917081	1743165827	2514315084	7007914269	6188765141	6091585052	3915023665	4467596968	6046565558	16675000000	19215000000	15600000000	30978000000	32279000000	28104000000	5493739041	5813393393	3747430365	176390000000	235880000000	155610000000	3331631987	3055482756	4213635693	92451000000	49564000000	64169000000						
8/16/22	7727180278	9482112632	14870000000	377062564	377535186	381646715	14166000000	16702000000	16039000000	33999000000	36123000000	12211000000	1694399236	2867216405	4545274853	3932365397	3704804943	3130641109	55995000000	74349000000	52533000000	69947000000	70532000000	32763000000	63080000000	105290000000	121000000000	254240000000	152450000000	218050000000									
8/17/22	7439103766	8598552249	25277000000	6718217868	7690540028	10701000000	34976000000	30075000000	18874000000	809440000000	764910000000	350070000000	37524064	129429956	95703655	3897719705	2993712415	2280115907	7279947541	7205601041	8368950051	18508000000	13244000000	9099554464	6434652908	6012017152	9424049680	42178184	85451821	88699047									
8/22/22	1699347487	2089624045	3414020580	20363000000	17712000000	27925000000	13334000000	60887000000	57153000000	16474000000	24523000000	5371936266	28023000000	18965000000	5856740	6062063620	6809266896	4619604890	24655000000	30893000000	34608000000	3027258887	1507127212	1441109266	1373643334	1382558591	1542242282	20089000000	13125000000	8134536415	62119000000	1024781958	59902000000	16380000000	8467465629	5598222070			
8/24/22	7493821229	8279805088	10127000000	4889762495	4835301099	6082022232	11737000000	8079829434	729220838	19001000000	12977000000	9411553267	4515618601	4593661197	7743828374	1481630822	955629937	1661849379	13129000000	13461000000	15255000000	4052493398	3525644147	2532334163	363673340	350573200	580943629	152550000000	172180000000	119950000000	62317000000	55926000000	70907000000	6611237406	6347729093	4792533845			
8/29/22	950405964	625058313	2255930160	140350000000	144150000000	159940000000	905579295	968445206	1280707485	5158364655	6533898639	4354662576	53315000000	26743000000	47012000000				65640000000	61037000000	28085000000	113470000000	152900000000	113670000000	30454000000	37294000000	42265000000	3063871908	1803369106	2467267767	37783000000	36479000000	36246000000	3097633228	3266775497	1504785197			
8/31/22	645452717	595674904	613404918	3366587479	5050106689	4433306437	7800661271	6870513061	6347002448	7242756476	6296362377	3238460564	4256828158	4723951000	3584065024	3925472575	4100319541	3095061633	153508327	15277000000	13911000000	4705658706	2981736421	2490471292	1863757525	1011242223	1854982995	51267000000	32579000000	39354000000	17051000000	12807000000	15821000000	10761000000	8173637281	6713505982			
9/7/22				540228953	678006081	421906570	3659481	5812641	4565903	182762308	149151393	3549200000000	6449877892	5384947237	7021748097	4268768585	2503456442	3285672325	2799671193	337977697	322992325	9741138		8400501846	1391206270	726480034	967123293	3336135230	3877950262	2830533963									
9/8/22	18453000000	23631000000	24254000000	38194000000	37102000000	25726000000	3359427437	2917705733	2245773692	611901608	526061069	169157997	21575000000	15474000000	20674000000	23793000000	28140000000	32578000000	14865000000	11323000000	13308000000	2310500361	2030736136	1207045400	756086127	851707609	758957067	83897000000	144750000000	100780000000	25916000000	20748000000	21560000000	90493000000	35463000000	65233000000			
9/12/22	11805569101	9930659856	11243024031	9821678453	5807657768	8539227852	2198559814	2547802291	2944984949	4257302604	4690813650	705318900	18925678699	12819128908	19585606352	3685983398	3348033434	3881402874	17709909848	16050291376	13156985470	12675445719	7858642154	3915944172	395187488	740870800	474433714	35309732686	34631636622	45211534775	161571000000	163872000000	149271000000	10582449618	7631280935	2182875763			
9/14/22	37976000000	20710000000	25278000000	17573000000	15733000000	15064000000	34132000000	28972000000	30724000000	256021261	611542548	118187327	60764000000	36240000000	72928000000	2513782413	2204069717	2482799372	9003338175	8325340128	10364000000	1796478841	1211376807	695680925	1793674570	1628566638	1521235495	5060962770	4914012029	4438432199	24197000000	20497000000	20446000000	3951598688	4673383543	3213383088			
9/19/22	232543000000	266181000000	569449000000	191244000000	185450000000	216800000000	2899840000000	2125270000000	2615070000000	439135000000	365847000000	265519000000	534030000000	224955000000	293755000000	2567857035	1922455683	3220778986	472811000000	313880000000	675758000000	2566220000000	2432400000000	1354260000000	37634297793	30131049343	16844807319	562356000000	508254000000	706588000000	863824000000	935911000000	1054060000000	2137920000000	2020990000000	1480350000000			
9/21/22	17553000000	18595000000	21714000000	30136000000	29930000000	34335000000	221420000000	219900000000	243730000000	179480000000	193440000000	81593000000	182750000000	118720000000	196160000000	138410000000	98061000000	116550000000	625570000000	470770000000	571920000000	847750000000	797520000000	499070000000	180940000000	151550000000	188440000000	118740000000	130080000000	136130000000	33029000000	32367000000	28726000000	158690000000	151900000000	78283000000			
9/26/22	223360120	271916632	315190800	481978618	489667065	539743825	16906000000	15558000000	10610000000	29658000000	26941000000	20693000000	1934098356	2226328491	2468773413	4347801639	3955215113	5093604136	3324569742	3422294314	3683580977	5948626844	4384249119	3722217930	5227057114	4215618551	4949189328	537219124	659375461	301793256	9767411794	10652000000	11159000000	4901754656	4811153412	3762472972			
9/28/22	2585728357	2015809902	1598049708	3036113630	3093629633	3178312955	6291142149	5802183519	6901056183	4905033152	5275740509	3102006796	3811316538	4080083828	4960517920	251762925	269165229	247780616	13685000000	11347000000	16842000000	3334294315	3550060025	2226307232	298561146	387660810	348199852	8297236139	9114403545	8713604375	10246000000	11076000000	522479123	1390234716	1445839031	261873963			
10/3/22	80525178516	236907000000	251820000000	131447000000	147658000000	168525000000	169412000000	151762000000	172884000000	280414000000	284856000000	47208348380	819112000000	721504000000	973998000000	7933973514	8604832237	4116126133	97795466800	193712000000	226636000000	84278851785	84682660952	26350004677	30202853623	22225795287	30004803266	4361049320	4373440313	4107347205	558113000000	617338000000	551155000000	511348000000	263204000000	170398000000			
10/5/22	28258000000	68962000000	110590000000	913240000000	470940000000	398650000000	61629000000	78623000000	76047000000	79478000000	58774000000	24162000000	14413000000	12487000000	16064000000	14857000000	12200000000		13203000000	11754000000	10640000000	3637638538	3189268328	1791109756	1243000000000	2794600000000	3653000000000	415750000000	372800000000	209670000000	277460000000	280260000000	277340000000	13204000000	13258000000	9343296310			
10/12/22	1416430000000	8001034463	2968320000000	979769000000	5497690000000	7422890000000	730545000000	939606000000	932677000000	236575000000	108174000000	105755000000	2427840000000	960199000000	3684320000000	375396000000	490429000000	671270000000	8381320000000	8277260000000	977333000000	2151880000000	2001200000000	1317680000000	1628090000000	1006990000000	2734860000000	5715000000000	6664780000000	7756540000000	7343520000000	9226150000000	9450980000000	2232360000000	1909180000000	998018000000			
10/13/22	7057300000000	4771000000000	2676600000000	6793500000000	13254000000000	19399000000000	14172000000000	15928000000000	16206000000000	12936000000000	10647000000000	2561000000000	633680000000	311550000000	402100000000	406330000000	330140000000	802630000000	506000000000	733820000000	1080500000000	558010000000	586150000000	233230000000	100670000000	90936000000	226430000000	3628800000000	2900500000000	4576300000000	15724000000000	27278000000000	32858000000000	2002100000000	1858000000000	552450000000			
10/17/22		101689077	6156957464	3548833171	11441000000	24206000000	8267611233	7106545808	4912257747				7118730	255878054	1006529935	8443186182	17820000000		17174000000	35496000000	16371000000	16155000000	12372000000	4933714062	377893905	2246273360	6664152545	6998058815	17698000000	15083000000	164460000000	184080000000	103280000000	9322336413	5380223242	7853864665			
10/19/22	1209104825	4922234479	32658000000	75060000000	65187000000	91083000000	10462000000	14876000000	14267000000	112740000000	96723000000	92780000000	156359752	180988779	1727694318	1037462178	1224247206	3478985450	9259365352	16510000000	9913565006	1748790128	1237592138	1068326747			4476715018	6284897885	12495000000	13448000000	7999781964	53846000000	33349000000		8081085592	6930598636			
10/24/22		54289985		2002007351	879037790	3223779010	56196000000	36155000000	26574000000	103230000000	83272000000	924570602	1585146666	1177639751	2280824145	11894000000	8570792793	58745000000	117510000000	95003000000	143600000000		8935938531	8906227353	1289802856	5760181954	9538646186	17587000000	9740904982	10713000000	24819000000	23127000000	25081000000	9825271787	9178995917	5309437421			
10/26/22	680120117	4191453020	5343575832	2767650082	3623656217	4882666749	77741000000	77983000000	117090000000	107030000000	66910000000	74130000000	32291000000	60054000000	57428000000	7956295852	5790579928	8897667183	33914000000	51459000000	39180000000	29932000000	22092000000	12587000000	562698337	739193933	2257324031	7527370344	10236000000	10943000000	10221000000	9891813608	7701361856	3086647	43001474	7004568			
10/31/22		9264917585	12136000000	955623185	182709	10899000000	69807000000	55235000000	63190000000	4498011929	5994223352	3028277911	896037110	2645787622	2740095959	7858245	4229528523	4148743296	35695000000	25905000000	85840000000	21405000000	18895000000	18457000000	393089336	1727915363	843254534	2098617875	2733475281	3202379499	62183000000	53445000000	39650000000	31525000000	22132000000	17223000000			
11/1/22	2181749953	417255117	11822000000	27379000000	63482000000	43610000000	15996000000	19998000000	16003000000	2466655457	1262381802	616465021	11864000000	18552000000	26955000000	744590440	1070671984	1493376635	47675000000	93744000000	7496760530	17074000000	4809835435	10210000000	39075219	101528371	460415100	40911000000	78193000000	104250000000	373050000000	355820000000	205770000000	34369000000	11457000000				
11/8/22	55193522905	72274408540	59876206337	79832927728	98339129614	92942958012	98085992003	127048000000	118383000000	52892351578	55419810375	39130557550	572945000000	647911000000	49076617619	45540104437	53296665450	44646330875	72603019038	42725724765	122877000000	20717751189	19060186514	39084117	56593185744	69772145246	73330928296	78872092006	71650310686	54647551427	42222441804	41694377484	51341542682	41345403444	63261045307	36052280614			
11/10/22	7707729304	10219000000	10870000000	19311000000	22104000000	15330000000	7268205209	9081217096	9660408035	6622811604	8543270397	6654028895	13364000000	15659000000	17369000000	1810725254	1827952256	1762415445	3814324240	5217878260	4572170856	14605000000	12604000000	7096308156	3510764776	5025340197	6125615905	36475000000	52837000000	37200000000	20453000000	18461000000	34534000000	69876000000	45846000000	44433000000			
11/14/22	34996590248	39578797323	61898688211	29462077845	479652076	28754806961	113614000000	132973000000	106362000000	35142322243	35003964044	2145060845	53977935321	29932251746	47074444844	33673224597	21903571862	33607975378	4662970175	5319265575	5635049819	3715161818	4225931385	1684031292	337541868	333392512	252904692	24281329282	28532862812	25287022714	57572690698	53336439949	51655407524	4144684069	4075596409	2000704395			
11/18/22	46977000000	47539000000	57636000000	70196000000	87174000000	67361000000	9333444416	10944000000	9382821176	7372020976	8765207324	6623628375	9751976994	15219000000	16042000000	729406596	747444023	886320432	5766113372	5559478525	3979940757	16733000000	26951000000	18851000000	3611301713	4338758927	3523348576	31608000000	29135000000	29840000000	43404000000	44094000000	39858000000	4265834306	7183324910	4554366199			
11/28/22	335610000000	786270000000	552370000000	151540000000	55214000000		65894000000	12955000000	3627071433		31630000000	10081000000	6425449959	51405000000	16274000000	66885000000	79865000000	64174000000	6140814786	3295785413	499557503	28774620	5445052094	10989000000	524240000000	503510000000	462710000000	11607000000	23330000000	6727776007	1122135220	3602841442	252440000000	164360000000	71032000000	83467000000			
11/30/22	16498000000	19580000000	22883000000	27883000000	43107000000	11659000000	1412529847		21125000000	25926000000	30366000000	20514000000	4226201951		3999622021	1366937692	1277033338	1070721932	5666944233	127147095	20983000000		6530069946	1540448585	14630000000	6475019935	9368592851	22446000000	27046000000	3562499398	41587		4470095798		296990000000	96135000000			
12/5/22	1854814063	2649267228	2717910505	21048000000	36232000000	34322000000	38348000000	29972000000	39596000000	8253461516	5809176950	1111561	33563000000	34427000000	60355000000	42420000000	28344000000	39883000000	12598000000	15493000000	10388000000	12276000000	11652000000	5083978365	1383929	5071880	5927033	6985535739	2900646966	5131522355	306540000000	178710000000	261690000000	50999000000	41896000000	28094000000			
12/7/22	65521000000	48657000000	45550000000	22120000000	30140000000	24875000000	78500000000	73831000000	65698000000	164350000000	1469400000000	664030000000	12594000000	17699000000	13142000000	4774900000000	3351000000000	1539300000000	2492331651	4813715880	4041755221	2937319171	2967556400	1946632343	493219001	630114895	336933594	107250000000			330390000000	357900000000	210210000000	46920000000	43832000000	41989000000			